<?xml version="1.0"?>
<opencv_storage>
<cameraMatrix type_id="opencv-matrix">
  <rows>3</rows>
  <cols>3</cols>
  <dt>d</dt>
  <data>
    3.6445746546196187e+03 0. 6.7983850930208098e+02 0.
    3.7169212272449017e+03 -2.7583282705975375e+02 0. 0. 1.</data></cameraMatrix>
<distortion type_id="opencv-matrix">
  <rows>1</rows>
  <cols>5</cols>
  <dt>d</dt>
  <data>
    -5.7037702624814812e-01 4.0094315687697808e+00
    -2.8345480173165721e-02 3.3606554679323939e-03
    -7.0709997263015181e+00</data></distortion>
</opencv_storage>
